72092
26414
14603
35210
81657
58579
21819
51098
81697
11615
69095
73934
93679
51098
70291
95692
95381
63879
96855
51098
17580
89200
73934
82963
86048
51731
77433
46227
54394
98072
81657
93679
23743
37560
68417
40490
19269
22807
54533
63601
11026
14603
96729
28822
80534
42913
90961
50527
20937
51023
76926
49768
93096
81697
60992
51603
97280
51995
52804
11615
79353
15062
19269
80969
11026
40254
90357
51995
80829
46572
57830
90149
77433
16902
93679
57866
21832
58185
81657
45763
27821
65273
14099
80969
57830
18499
19238
49690
44386
40323
78230
61463
37309
57830
79316
35440
85469
85690
81697
21563
21832
45491
22543
80153
27335
81369
10062
77433
31360
43968
14603
35440
16993
77433
37767
44307
85469
81697
93096
81657
14780
68621
43091
19735
16533
76566
43965
13213
14603
73934
11823
49282
12025
69308
63296
11026
38704
38961
82219
35440
37240
82219
11615
68175
62481
93643
95618
93679
35096
51995
61719
75391
82219
97525
93679
47988
82262
76683
14603
58697
11615
85469
62179
15062
40254
35757
80212
14772
45177
28454
64754
96099
42556
39264
92854
87149
29388
21832
21931
97128
50527
97307
73636
44101
81697
21832
99462
20982
73934
28822
64754
84018
51731
49254
35329
21309
54958
61911
14603
51731
14613
56350
71141
51995
23867
36219
64508
21832
64754
73934
91984
77433
56835
97432
28401
51158
19269
90492
56803
90889
36321
23463
50527
99445
98072
96155
98072
24350
16993
51158
80267
40490
82756
10076
97525
37750
93096
35440
28822
31007
57830
53891
40693
25748
51731
31738
78654
24587
14603
54957
21832
16993
19269
33015
16533
77433
55466
68611
37945
74216
98578
15062
70411
16533
43664
57830
22785
51995
37096
28303
51158
52252
51731
94764
51002
65677
51384
21832
59127
90452
51731
50527
80969
17704
16533
22687
51731
69119
92406
49768
19269
34848
28822
56489
62481
11026
40254
64580
74362
93315
26005
51098
95350
35440
40583
61082
44094
28945
85054
71562
66635
98072
32780
73934
92545
13368
90723
85469
49768
74131
11026
24387
85469
45910
74337
80969
35077
15002
80969
78550
11026
33449
77130
20341
85469
11615
55985
71806
52471
45594
85646
80969
22896
41935
78793
99605
93096
29742
46732
94570
18692
49757
64168
81657
28094
39579
78280
46666
20975
89423
49768
85469
28822
42651
22687
12698
52012
50527
60418
95134
73934
42101
85469
81657
90176
51731
64971
51731
43974
62481
58882
99057
26629
17603
14603
40254
17790
64610
48648
44892
22437
85469
47222
82219
81657
20603
29744
82274
92421
14603
98072
30672
43484
63914
93679
60813
70576
38714
98072
92270
80867
41743
21832
52674
45258
85469
78240
50848
22687
57830
73934
26979
70933
40490
79436
50527
73200
93096
24188
61041
82588
21180
51098
46040
32809
28822
73934
40254
27672
51731
43239
51158
59887
27578
67543
73934
82117
82219
24903
81657
80969
81657
80969
81657
96906
93858
85469
72236
50527
25425
51731
62481
46079
74633
75417
84048
85469
21832
56737
73934
85469
59963
51731
60630
35440
61732
19269
16533
48418
16533
96041
96894
51995
93679
28871
14603
77433
79820
87646
51098
37748
51995
47554
40254
83504
22863
24165
80156
56588
60911
71880
53484
97525
67821
89333
39546
82219
81657
54438
67945
96880
50527
65059
21832
30928
27760
48197
68981
98072
28830
99445
93679
20232
34118
90744
51995
62481
28822
98699
94212
65860
66381
85469
90795
87400
11615
81657
50527
34270
60975
81697
38295
29395
30199
38436
19023
86436
96803
21832
93096
31428
51995
98757
49141
67346
35440
51098
64754
99342
97525
11615
62413
99445
74917
35440
96148
97921
62445
51995
11026
47695
27032
18518
51977
81463
37691
77296
93679
77433
16533
93437
64754
16210
70753
28822
51377
14603
54904
87223
11026
57830
98072
87571
51995
19269
92845
40254
50527
58339
11026
97890
77389
50527
35440
14603
51300
71404
93019
18658
14603
77574
98470
42289
50527
72477
29420
81657
73934
30969
55221
51158
51158
63185
87303
48760
77433
18260
98082
56595
93096
65419
14603
28372
19269
26094
51098
35437
20937
12156
26448
44307
21832
83232
51158
97128
95795
19269
17090
54745
70728
30918
27313
69194
23192
80969
26864
93679
89001
39339
41727
51174
59706
57590
22687
64610
50527
52351
97794
68859
77433
73934
74152
74609
50527
35440
51995
38164
83815
57020
40254
16533
83532
93096
81296
75953
46369
56089
64610
95236
10018
57905
85469
11816
79256
35440
81697
95937
56423
30261
19269
85469
97525
63237
32832
92032
15062
45700
59352
68324
14392
57830
51098
85614
42624
34480
98072
39303
51995
76152
22395
81657
93679
51098
24540
51731
74924
31234
92202
94970
50527
28822
93096
49768
21832
95658
35071
50527
24097
19269
93679
30705
11026
11026
62481
18593
11026
21832
21832
97003
14603
21832
97128
70606
55231
75113
83162
59205
50527
93679
97525
91017
91438
50527
19269
69422
57830
97525
21832
28822
12807
96336
20129
27170
44707
28822
28822
35440
51098
40332
29084
64396
89945
82219
13232
52449
12286
12361
98072
28822
93679
54511
98072
49768
93369
81697
23272
82219
71078
98411
51731
50462
28822
16533
21832
98072
93096
58289
77946
38604
80969
51731
65274
16533
50527
95704
61166
62481
60636
76522
16993
81657
73934
58945
33263
71171
59650
16533
19269
51995
84890
65178
51158
65001
11026
91038
13129
58882
71128
73934
44230
51634
77433
14603
64301
78432
38499
51731
87172
73934
16533
28628
40730
36351
73934
93308
87735
40548
11026
57830
20743
51995
97525
85838
73934
21118
63651
93096
11615
85469
46712
33435
51098
79376
35440
98072
81697
97128
58502
15200
93096
76696
49768
80969
80548
62487
11026
41915
22687
91896
94959
19679
85469
27105
57861
52212
23773
80972
51098
19269
16186
16533
81697
20937
48172
39588
82219
94798
78539
51098
38754
99445
95604
98089
16533
29016
97128
84612
79610
15029
50562
65952
52332
71785
11615
32023
67518
92649
48194
93096
58939
25661
73001
63650
98072
37221
50527
93096
79723
20569
79777
80969
51158
11615
21832
30242
54345
16533
36681
51731
93600
51098
73934
18284
25169
98072
80752
42293
98072
51098
81657
94327
62929
56754
60450
18701
93096
99445
11615
17693
73124
98072
14603
16226
79655
79082
14603
11026
81733
51995
11615
81657
61581
14603
64754
39769
46325
21025
14603
62481
51731
91132
81653
73129
93772
85469
51995
72766
28822
51158
20471
